0.5953628 -0.102394685 -0.27230862 0.3513134 0.1892659 0.23947684 0.44767234 -0.39813098
0.4121411 -0.26292452 -0.4578027 0.4576804 0.31492725 0.09967996 0.18946365 -0.38136452
0.47158864 -0.14269306 -0.31084573 0.33366057 0.09384043 0.31761315 0.51203334 -0.33274686
0.49879906 -0.047810636 -0.31982926 0.48186758 0.14961517 0.2571545 0.46972415 -0.2501377
0.4280018 -0.22919847 -0.3666345 0.52891165 0.30798912 0.20316027 0.050284695 -0.4608336
0.48673126 -0.3157088 -0.36979705 0.44705862 0.3625796 0.04401159 0.08396522 -0.48337263
-0.111374 -0.14187124 -0.22998786 0.47059453 0.035661463 0.44956252 0.30741885 -0.40244502
0.59570134 -0.009343322 -0.1803326 0.2587283 0.003886315 0.3922158 0.77379113 -0.28201506
0.074822046 0.04324651 -0.04610719 0.6731386 0.41231024 0.19801112 0.3328413 -0.21179436
0.38917214 -0.47855413 -0.46836233 0.5395468 0.525868 -0.054082148 -0.22531207 -0.55121064
0.23685272 -0.3485999 -0.36927232 0.16727224 0.36910668 0.45154473 0.69044167 -0.037860833
0.4253775 -0.3838455 -0.09765672 0.30725905 0.43681553 0.17430663 0.5423575 -0.06206776
-0.02754136 -0.03634084 0.10620608 0.47909057 0.27058053 0.56011766 0.42396906 -0.28282654
0.11213772 -0.12527765 -0.2766572 0.37771943 0.13708079 0.0007572699 0.24416712 -0.6718121
-0.24044283 0.06709105 0.08854757 0.7985306 0.28826472 0.41411695 0.21206649 -0.23809192
0.37386727 -0.31099644 -0.36841425 0.48004934 0.13370323 0.18000053 0.7030178 0.19440104
0.396078 -0.16428122 -0.034091722 0.21060836 0.1965918 0.5070702 0.892386 -0.015880838
-0.08745859 -0.41887027 -0.26880756 0.48228097 0.06878968 0.6071363 0.102652796 -0.3346751
0.36723384 -0.18110898 -0.01599501 0.5008204 0.19154666 -0.02685131 -0.06970429 -0.8804144
-0.18907823 -0.46288943 -0.65054977 0.63978064 0.009372233 0.115646444 -0.007281638 -0.33043283
0.33478007 -0.0701664 0.080795296 0.47176978 -0.42137995 0.12184947 0.41096202 -0.6522751
0.55939835 0.07204957 0.22641863 0.5902693 -0.010501379 0.09551582 0.7400544 -0.10832627
-0.1431546 -0.42639807 -0.14125754 0.24790005 -0.55216604 0.24341178 0.52153224 -0.52793556
0.3956669 -0.26345292 -0.13686626 0.5538546 -0.038263716 -0.26171196 0.027216611 -0.73509353
0.14240666 -0.47639984 -0.44667527 0.7728887 0.35359284 -0.011503265 0.18425544 0.15709323
0.07936545 0.3665396 -0.057598926 0.5349516 0.49094865 -0.088613786 0.56840503 -0.46309078
0.04846271 -0.30824262 0.03239294 0.61892945 0.58753616 -0.4760719 0.4549048 0.013692479
0.023742892 -0.19724445 -0.063435495 0.21773036 -0.17740421 0.45036146 0.5289677 -0.5346012
-0.17090951 -0.08917556 0.0507034 0.45740438 0.034173347 0.5214219 0.59971476 -0.16327015
-0.06919848 -0.23663399 -0.010318291 0.33951545 0.031934146 0.52543324 0.6448636 -0.12257152
-0.22743541 -0.28883895 -0.4619791 0.53558433 -0.32926697 0.3367613 0.43651482 -0.19308347
-0.050874703 -0.2699009 -0.25379306 0.5702407 0.31142303 -0.13657597 -0.15980859 -0.7497246
0.18167646 -0.55306613 -0.26368472 0.48798427 0.5467233 -0.4010064 0.50453717 0.15997717
0.2027758 0.20191126 -0.087127954 0.13538383 0.20786107 0.14119506 1.0423311 -0.3473751
-0.021720324 -0.23266181 -0.04149645 0.67277133 0.5033462 -0.16730787 0.18528134 -0.21846229
0.24670814 -0.5639875 0.1857584 0.08393342 -0.31685704 0.04958056 0.32133958 -0.83797127
-0.14817923 -0.23906852 0.19234243 0.6327368 0.4821025 0.21938962 0.016658198 -0.40649545
0.26377615 -0.11751527 0.020306358 0.20536198 0.006607805 0.49609783 0.36398232 -0.73105156
0.3313891 -0.11099214 0.26583794 0.8308182 0.124124885 -0.18163773 0.38434947 -0.07235759
-0.06575436 -0.52892774 -0.24047425 0.71116495 0.29738733 0.19547494 -0.27405947 -0.41064793
-0.15187474 -0.39792585 -0.036203656 0.47856304 -0.34088728 -0.12512459 0.2016557 -0.6140153
-0.31496018 0.0011117372 0.027674802 0.7020016 0.2812451 -0.20253307 0.2092419 -0.4757172
0.2988786 -0.6601763 -0.07147495 0.2010371 0.35792306 -0.34210882 0.7026839 0.027397446
0.084072284 -0.15626344 -0.17236526 0.57044685 0.8759352 0.12964311 0.22270778 -0.1488444
-0.18038566 -0.11731337 -0.10418754 0.8745658 0.40099892 0.10183484 0.58691037 0.4000201
0.123353004 -0.6818178 0.021962566 0.49919412 0.38549268 -0.7884884 0.6337823 0.2052397
-0.10199106 -0.85905826 0.041419074 0.07240362 -0.6814771 -0.0392017 0.48777187 -0.60659456
-0.12963215 -0.1425398 0.14661163 0.4959864 -0.33385763 0.25351483 0.15933642 -0.8029902
-0.06117864 -0.97191226 -0.20344259 0.17641737 -0.26597276 0.3252365 0.13837436 -0.44738907
0.022411318 -0.033001646 0.048520017 0.5275603 0.24821635 -0.704912 0.8603802 -0.08643214
-0.6271381 -0.31841567 -0.3130838 0.6470874 -0.31316754 0.04865992 0.14418948 -0.50958097
0.22248878 -0.18949907 0.46958303 0.6607101 0.2770987 -0.08735895 0.7239782 0.17674136
-0.4436627 -0.46378618 0.20897402 0.6666961 0.0989015 -0.16355738 0.4806437 0.08840251
-0.19282809 -0.7427191 0.37612367 0.09626719 0.04880936 0.07186107 0.44679105 -0.43094257
-0.16209109 -0.8699239 0.995499 0.49570093 0.62994397 0.50011325 0.2952429 0.15257268
-0.5062229 -0.6696378 -0.41409075 0.7159598 -0.34016207 -0.011462023 0.5455645 0.3247965
-1.060729 -0.35239938 0.29877213 -0.059775293 0.40211946 0.07507294 0.6146366 -0.8064034
-0.72476333 -0.54331625 -0.40152836 -0.31612882 1.0636737 0.20584679 0.7039329 -0.43715242
0.12115567 -0.21586812 0.6411669 0.73862195 -0.36199602 -0.59218717 0.4434241 -0.42145482
-0.27244434 -1.2712439 0.6021574 0.5800893 0.26461396 0.5597204 -0.029113142 0.14844942
 0.1845522 -0.6054301 1.3758881 0.30521035 0.31721175 0.15491392 0.25608277 -0.6270605
-0.87179404 -0.8263586 -0.047383532 -0.18483277 0.6267906 -0.47576472 0.87223387 -0.28773388
-0.5391904 -0.042721193 0.37264234 -0.27756009 0.4887189 -0.5294474 1.0829545 -0.9542799
-0.25498268 -0.9664039 1.1408743 0.36950523 -0.34922245 -0.18111116 0.5069299 -0.3345713
